A = rand(8,9)
B = A([1 4 5 7],[3 6 9])
B(1:4, 1:3) = 1903045